image: image_rotated.pgm
resolution: 0.050000
origin: [-4.800000, -23.200000, 0.0000]
negate: 0
occupied_thresh: 0.65
free_thresh: 0.196

