image: simple.pgm
resolution: 0.025000
origin: [-3.375000, -14.0000, 0.000000]
negate: 0
occupied_thresh: 0.65
free_thresh: 0.196

